                                            First-order      Norm of
 Iter F-count            f(x)  Feasibility   optimality         step
    0       7    2.104414e+01    0.000e+00    1.082e+02
    1      21    1.410010e+00    0.000e+00    2.891e+01    3.062e-01
    2      35    1.689934e-01    0.000e+00    9.750e+00    7.655e-02
    3      48    6.882590e-02    0.000e+00    5.434e+00    3.827e-02
    4      61    1.868685e-02    0.000e+00    2.362e+00    1.914e-02
    5      74    9.559503e-03    0.000e+00    1.614e+00    9.568e-03
    6      86    8.011142e-03    0.000e+00    7.708e-01    4.784e-03
    7      98    7.238271e-03    0.000e+00    8.501e-01    4.784e-03
    8     108    7.050094e-03    0.000e+00    6.193e-01    1.196e-03
    9     115    6.052399e-03    0.000e+00    3.875e-02    2.357e-03
   10     122    6.050082e-03    0.000e+00    3.246e-02    2.686e-04
   11     135    6.048383e-03    0.000e+00    1.085e-02    1.343e-04
   12     149    6.048182e-03    0.000e+00    3.990e-03    3.358e-05
   13     159    6.048181e-03    0.000e+00    2.332e-03    1.679e-05
   14     172    6.048164e-03    0.000e+00    7.409e-04    8.394e-06
   15     186    6.048163e-03    0.000e+00    7.245e-04    7.345e-06
   16     195    6.048162e-03    0.000e+00    7.114e-04    7.345e-06
   17     202    6.048103e-03    0.000e+00    5.559e-04    2.665e-04
   18     209    6.047798e-03    0.000e+00    5.387e-04    1.402e-03
   19     216    6.046287e-03    0.000e+00    5.295e-04    6.999e-03
   20     223    6.039083e-03    0.000e+00    4.928e-04    3.459e-02
   21     230    6.011461e-03    0.000e+00    3.317e-04    1.598e-01
   22     237    5.983364e-03    0.000e+00    1.296e-05    3.588e-01
   23     244    5.983157e-03    0.000e+00    5.674e-07    2.465e-02

优化已完成: 相对一阶最优性测度 5.674083e-07 
小于 options.OptimalityTolerance = 1.000000e-06 且相对最大约束违反值
 0.000000e+00 小于 options.ConstraintTolerance = 1.000000e-06。


=== 优化结果 ===
系统中心(全局): [3.029630, -1.909557, 0.392003]
局部坐标:       [-0.183272, 0.239959, -0.366057]
最大中心误差:   0.012303 m
平均误差:       0.005024 m

=== 动态系统中心分析结果 ===
坐标波动标准差:
  X: 0.004110 m
  Y: 0.003559 m
  Z: 0.001448 m
最大坐标偏移:
  X: 0.010430 m
  Y: 0.007929 m
  Z: 0.003586 m